double radius[200] = {
	24,
	24.002,
	24.008,
	24.0178,
	24.0313,
	24.0483,
	24.0685,
	24.092,
	24.1183,
	24.1475,
	24.1793,
	24.2137,
	24.2503,
	24.2891,
	24.3299,
	24.3726,
	24.4171,
	24.4632,
	24.5107,
	24.5596,
	24.6097,
	24.661,
	24.7132,
	24.7664,
	24.8203,
	24.875,
	24.9303,
	24.9861,
	25.0423,
	25.0989,
	25.1558,
	25.213,
	25.2703,
	25.3276,
	25.3851,
	25.4425,
	25.4998,
	25.557,
	25.6141,
	25.671,
	25.7276,
	25.7839,
	25.84,
	25.8956,
	25.951,
	26.0059,
	26.0603,
	26.1144,
	26.1679,
	26.221,
	26.2735,
	26.3255,
	26.377,
	26.4281,
	26.4791,
	26.53,
	26.5806,
	26.6311,
	26.6815,
	26.7317,
	26.7817,
	26.8315,
	26.8811,
	26.9305,
	26.9798,
	27.0288,
	27.0777,
	27.1263,
	27.1748,
	27.2231,
	27.2712,
	27.3191,
	27.3667,
	27.4142,
	27.4615,
	27.5086,
	27.5555,
	27.6023,
	27.6488,
	27.6951,
	27.7413,
	27.7872,
	27.833,
	27.8786,
	27.924,
	27.9692,
	28.0143,
	28.0592,
	28.1039,
	28.1484,
	28.1927,
	28.2369,
	28.281,
	28.3248,
	28.3685,
	28.4121,
	28.4555,
	28.4987,
	28.5418,
	28.5848,
	28.6276,
	28.6702,
	28.7127,
	28.7551,
	28.7973,
	28.8394,
	28.8814,
	28.9232,
	28.9649,
	29.0064,
	29.0479,
	29.0892,
	29.1304,
	29.1715,
	29.2124,
	29.2533,
	29.294,
	29.3346,
	29.3751,
	29.4155,
	29.4558,
	29.4959,
	29.536,
	29.5759,
	29.6158,
	29.6555,
	29.6951,
	29.7346,
	29.774,
	29.8133,
	29.8525,
	29.8916,
	29.9306,
	29.9695,
	30.0083,
	30.0469,
	30.0855,
	30.1239,
	30.1622,
	30.2005,
	30.2386,
	30.2765,
	30.3144,
	30.3521,
	30.3897,
	30.4272,
	30.4645,
	30.5017,
	30.5387,
	30.5756,
	30.6124,
	30.6489,
	30.6853,
	30.7216,
	30.7576,
	30.7935,
	30.8292,
	30.8646,
	30.8999,
	30.9349,
	30.9697,
	31.0042,
	31.0385,
	31.0725,
	31.1062,
	31.1396,
	31.1727,
	31.2055,
	31.2379,
	31.27,
	31.3016,
	31.3328,
	31.3636,
	31.394,
	31.4239,
	31.4532,
	31.482,
	31.5103,
	31.5379,
	31.5649,
	31.5913,
	31.6169,
	31.6418,
	31.6658,
	31.6891,
	31.7114,
	31.7328,
	31.7533,
	31.7726,
	31.7909,
	31.808,
	31.8238,
	31.8383,
	31.8514,
	31.8631,
	31.8731,
	31.8815,
	31.8882,
	31.893,
	31.8958
};
double height[200] = {
	6.02437,
	6.02548,
	6.02868,
	6.03405,
	6.04168,
	6.05161,
	6.06391,
	6.07862,
	6.09577,
	6.11539,
	6.1375,
	6.16211,
	6.18924,
	6.21886,
	6.25099,
	6.28561,
	6.3227,
	6.36224,
	6.40421,
	6.44857,
	6.4953,
	6.54435,
	6.59569,
	6.64928,
	6.70508,
	6.76305,
	6.82314,
	6.8853,
	6.94949,
	7.01567,
	7.08377,
	7.15377,
	7.22561,
	7.29923,
	7.37461,
	7.45168,
	7.53041,
	7.61075,
	7.69265,
	7.77607,
	7.86097,
	7.9473,
	8.03504,
	8.12412,
	8.21452,
	8.30621,
	8.39913,
	8.49326,
	8.58857,
	8.68501,
	8.78257,
	8.8812,
	8.98088,
	9.08146,
	9.18283,
	9.28497,
	9.38787,
	9.49151,
	9.59588,
	9.70098,
	9.80678,
	9.91328,
	10.0205,
	10.1283,
	10.2369,
	10.3461,
	10.456,
	10.5665,
	10.6777,
	10.7896,
	10.9021,
	11.0152,
	11.129,
	11.2435,
	11.3586,
	11.4743,
	11.5907,
	11.7077,
	11.8254,
	11.9438,
	12.0628,
	12.1825,
	12.3029,
	12.4239,
	12.5456,
	12.668,
	12.7911,
	12.915,
	13.0395,
	13.1647,
	13.2907,
	13.4175,
	13.545,
	13.6732,
	13.8023,
	13.9321,
	14.0628,
	14.1942,
	14.3265,
	14.4596,
	14.5936,
	14.7285,
	14.8643,
	15.001,
	15.1386,
	15.2771,
	15.4167,
	15.5572,
	15.6987,
	15.8412,
	15.9848,
	16.1295,
	16.2753,
	16.4221,
	16.5701,
	16.7193,
	16.8696,
	17.0212,
	17.174,
	17.3281,
	17.4835,
	17.6402,
	17.7983,
	17.9577,
	18.1186,
	18.2809,
	18.4447,
	18.61,
	18.7769,
	18.9454,
	19.1155,
	19.2873,
	19.4607,
	19.636,
	19.813,
	19.9918,
	20.1725,
	20.3552,
	20.5398,
	20.7264,
	20.9151,
	21.106,
	21.299,
	21.4942,
	21.6917,
	21.8915,
	22.0938,
	22.2985,
	22.5057,
	22.7155,
	22.928,
	23.1432,
	23.3611,
	23.582,
	23.8058,
	24.0326,
	24.2625,
	24.4956,
	24.7319,
	24.9716,
	25.2148,
	25.4615,
	25.7118,
	25.9659,
	26.2238,
	26.4857,
	26.7516,
	27.0217,
	27.2961,
	27.5749,
	27.8582,
	28.1462,
	28.439,
	28.7368,
	29.0396,
	29.3477,
	29.6611,
	29.9801,
	30.3048,
	30.6355,
	30.9722,
	31.3151,
	31.6645,
	32.0205,
	32.3834,
	32.7534,
	33.1306,
	33.5153,
	33.9078,
	34.3084,
	34.7171,
	35.1345,
	35.5606,
	35.9958,
	36.4404,
	36.8948,
	37.3591,
	37.8339,
	38.3194,
	38.816
};
